-109.0 19.0 65.0 448.0 100.0 16042.0 -68.0 220.0 57.0 
-109.0 19.0 65.0 448.0 100.0 16042.0 -68.0 220.0 57.0 
-109.0 19.0 65.0 436.0 128.0 16396.0 -36.0 203.0 59.0 
-109.0 19.0 65.0 436.0 128.0 16396.0 -36.0 203.0 59.0 
-109.0 19.0 65.0 432.0 77.0 16637.0 -29.0 223.0 55.0 
-109.0 19.0 65.0 432.0 77.0 16637.0 -29.0 223.0 55.0 
-109.0 19.0 65.0 442.0 97.0 16505.0 -68.0 321.0 55.0 
-109.0 19.0 65.0 442.0 97.0 16505.0 -68.0 321.0 55.0 
-107.0 -9.0 63.0 426.0 172.0 16453.0 -126.0 385.0 55.0 
-107.0 -9.0 63.0 429.0 176.0 16401.0 -123.0 400.0 52.0 
-107.0 -9.0 63.0 429.0 176.0 16401.0 -123.0 400.0 52.0 
-107.0 -9.0 63.0 365.0 161.0 16405.0 -113.0 428.0 52.0 
-107.0 -9.0 63.0 365.0 161.0 16405.0 -113.0 428.0 52.0 
-107.0 -9.0 63.0 332.0 129.0 16345.0 -96.0 365.0 68.0 
-107.0 -9.0 63.0 332.0 129.0 16345.0 -96.0 365.0 68.0 
-107.0 -9.0 63.0 337.0 137.0 16336.0 -51.0 248.0 67.0 
-107.0 -9.0 63.0 337.0 137.0 16336.0 -51.0 248.0 67.0 
-107.0 -9.0 63.0 416.0 169.0 16284.0 -39.0 158.0 54.0 
-107.0 -9.0 63.0 416.0 169.0 16284.0 -39.0 158.0 54.0 
-107.0 -9.0 63.0 416.0 169.0 16284.0 -25.0 136.0 62.0 
-107.0 -9.0 63.0 360.0 169.0 16345.0 -25.0 136.0 62.0 
-107.0 -9.0 63.0 360.0 169.0 16345.0 -25.0 136.0 62.0 
-107.0 -9.0 63.0 407.0 157.0 16331.0 -29.0 141.0 67.0 
-107.0 -9.0 63.0 407.0 157.0 16331.0 -29.0 141.0 67.0 
-107.0 -9.0 63.0 439.0 158.0 16350.0 -46.0 187.0 66.0 
-107.0 -9.0 63.0 439.0 158.0 16350.0 -46.0 187.0 66.0 
-107.0 -9.0 63.0 440.0 144.0 16389.0 -59.0 264.0 68.0 
-107.0 -9.0 63.0 440.0 144.0 16389.0 -59.0 264.0 68.0 
-107.0 -9.0 63.0 420.0 177.0 16374.0 -83.0 322.0 58.0 
-107.0 -9.0 63.0 420.0 177.0 16374.0 -83.0 322.0 58.0 
-107.0 -9.0 63.0 420.0 177.0 16374.0 -98.0 338.0 63.0 
-107.0 -9.0 63.0 430.0 176.0 16307.0 -98.0 338.0 63.0 
-107.0 -9.0 63.0 430.0 176.0 16307.0 -98.0 338.0 63.0 
-107.0 -9.0 63.0 394.0 183.0 16235.0 -84.0 319.0 50.0 
-107.0 -9.0 63.0 394.0 183.0 16235.0 -84.0 319.0 50.0 
-107.0 -9.0 63.0 395.0 137.0 16307.0 -79.0 302.0 46.0 
-107.0 -9.0 63.0 395.0 137.0 16307.0 -79.0 302.0 46.0 
-107.0 -9.0 63.0 379.0 158.0 16259.0 -45.0 251.0 51.0 
-107.0 -9.0 63.0 379.0 158.0 16259.0 -45.0 251.0 51.0 
-107.0 -9.0 63.0 406.0 156.0 16308.0 -51.0 228.0 60.0 
-107.0 -9.0 63.0 406.0 156.0 16308.0 -51.0 228.0 60.0 
-107.0 -9.0 63.0 400.0 128.0 16386.0 -51.0 229.0 62.0 
-107.0 -9.0 63.0 400.0 128.0 16386.0 -51.0 229.0 62.0 
-107.0 -9.0 63.0 400.0 128.0 16386.0 -68.0 236.0 58.0 
-107.0 -9.0 63.0 395.0 135.0 16376.0 -68.0 236.0 58.0 
-107.0 -9.0 63.0 395.0 135.0 16376.0 -68.0 236.0 58.0 
-95.0 -7.0 73.0 413.0 179.0 16384.0 -69.0 270.0 54.0 
-95.0 -7.0 73.0 413.0 179.0 16384.0 -69.0 270.0 54.0 
-95.0 -7.0 73.0 377.0 167.0 16424.0 -65.0 302.0 60.0 
-95.0 -7.0 73.0 377.0 167.0 16424.0 -65.0 302.0 60.0 
-95.0 -7.0 73.0 383.0 178.0 16431.0 -71.0 304.0 56.0 
-95.0 -7.0 73.0 383.0 178.0 16431.0 -71.0 304.0 56.0 
-95.0 -7.0 73.0 352.0 165.0 16425.0 -72.0 278.0 55.0 
-95.0 -7.0 73.0 352.0 165.0 16425.0 -72.0 278.0 55.0 
-95.0 -7.0 73.0 412.0 161.0 16388.0 -56.0 259.0 60.0 
-95.0 -7.0 73.0 412.0 161.0 16388.0 -56.0 259.0 60.0 
-95.0 -7.0 73.0 412.0 161.0 16388.0 -41.0 243.0 55.0 
-95.0 -7.0 73.0 411.0 147.0 16351.0 -41.0 243.0 55.0 
-95.0 -7.0 73.0 411.0 147.0 16351.0 -33.0 191.0 57.0 
-95.0 -7.0 73.0 411.0 171.0 16365.0 -33.0 191.0 57.0 
-95.0 -7.0 73.0 411.0 171.0 16365.0 -33.0 191.0 57.0 
-95.0 -7.0 73.0 438.0 172.0 16324.0 -42.0 171.0 55.0 
-95.0 -7.0 73.0 438.0 172.0 16324.0 -42.0 171.0 55.0 
-95.0 -7.0 73.0 449.0 180.0 16346.0 -49.0 190.0 57.0 
-95.0 -7.0 73.0 449.0 180.0 16346.0 -49.0 190.0 57.0 
-95.0 -7.0 73.0 387.0 168.0 16327.0 -62.0 222.0 63.0 
-95.0 -7.0 73.0 387.0 168.0 16327.0 -62.0 222.0 63.0 
-95.0 -7.0 73.0 404.0 135.0 16324.0 -66.0 259.0 46.0 
-95.0 -7.0 73.0 404.0 135.0 16324.0 -66.0 259.0 46.0 
-95.0 -7.0 73.0 404.0 135.0 16324.0 -85.0 292.0 52.0 
-95.0 -7.0 73.0 388.0 129.0 16298.0 -85.0 292.0 52.0 
-95.0 -7.0 73.0 388.0 129.0 16298.0 -85.0 292.0 52.0 
-95.0 -7.0 73.0 356.0 122.0 16357.0 -80.0 307.0 61.0 
-95.0 -7.0 73.0 356.0 122.0 16357.0 -80.0 307.0 61.0 
-95.0 -7.0 73.0 406.0 149.0 16380.0 -80.0 301.0 51.0 
-95.0 -7.0 73.0 406.0 149.0 16380.0 -80.0 301.0 51.0 
-95.0 -7.0 73.0 371.0 138.0 16331.0 -82.0 287.0 52.0 
-95.0 -7.0 73.0 371.0 138.0 16331.0 -82.0 287.0 52.0 
-95.0 -7.0 73.0 369.0 103.0 16323.0 -65.0 272.0 66.0 
-95.0 -7.0 73.0 369.0 103.0 16323.0 -65.0 272.0 66.0 
-95.0 -7.0 73.0 369.0 103.0 16323.0 -64.0 250.0 62.0 
-95.0 -7.0 73.0 394.0 94.0 16373.0 -64.0 250.0 62.0 
-95.0 -7.0 73.0 394.0 94.0 16373.0 -53.0 213.0 47.0 
-95.0 -7.0 73.0 542.0 -96.0 16329.0 -53.0 213.0 47.0 
-95.0 -7.0 73.0 542.0 -96.0 16329.0 -53.0 213.0 47.0 
-95.0 -7.0 73.0 537.0 264.0 18574.0 -13.0 326.0 50.0 
-95.0 -7.0 73.0 537.0 264.0 18574.0 -13.0 326.0 50.0 
-95.0 -7.0 73.0 137.0 324.0 15609.0 -306.0 668.0 80.0 
-95.0 -7.0 73.0 137.0 324.0 15609.0 -306.0 668.0 80.0 
-95.0 -7.0 73.0 -325.0 446.0 14663.0 -238.0 544.0 47.0 
-95.0 -7.0 73.0 -325.0 446.0 14663.0 -238.0 544.0 47.0 
-95.0 -7.0 73.0 452.0 -235.0 16486.0 66.0 -299.0 57.0 
-95.0 -7.0 73.0 452.0 -235.0 16486.0 66.0 -299.0 57.0 
-95.0 -7.0 73.0 452.0 -235.0 16486.0 285.0 -482.0 22.0 
-95.0 -7.0 73.0 978.0 175.0 15617.0 285.0 -482.0 22.0 
-95.0 -7.0 73.0 978.0 175.0 15617.0 285.0 -482.0 22.0 
-95.0 -7.0 73.0 565.0 178.0 14376.0 187.0 -285.0 76.0 
-95.0 -7.0 73.0 565.0 178.0 14376.0 187.0 -285.0 76.0 
-95.0 -7.0 73.0 357.0 86.0 16909.0 305.0 -467.0 81.0 
-95.0 -7.0 73.0 357.0 86.0 16909.0 305.0 -467.0 81.0 
-95.0 -7.0 73.0 783.0 505.0 18338.0 163.0 -166.0 43.0 
-97.0 -5.0 69.0 783.0 505.0 18338.0 163.0 -166.0 43.0 
-97.0 -5.0 69.0 943.0 290.0 17045.0 -459.0 1197.0 45.0 
-97.0 -5.0 69.0 943.0 290.0 17045.0 -459.0 1197.0 45.0 
-97.0 -5.0 69.0 274.0 1.0 17163.0 -764.0 2146.0 68.0 
-97.0 -5.0 69.0 274.0 1.0 17163.0 -764.0 2146.0 68.0 
-97.0 -5.0 69.0 274.0 1.0 17163.0 -665.0 1675.0 65.0 
-97.0 -5.0 69.0 -157.0 -58.0 15853.0 -665.0 1675.0 65.0 
-97.0 -5.0 69.0 -157.0 -58.0 15853.0 -665.0 1675.0 65.0 
-97.0 -5.0 69.0 -101.0 93.0 14908.0 -282.0 578.0 50.0 
-97.0 -5.0 69.0 -101.0 93.0 14908.0 -282.0 578.0 50.0 
-97.0 -5.0 69.0 31.0 158.0 15613.0 152.0 -242.0 56.0 
-97.0 -5.0 69.0 31.0 158.0 15613.0 152.0 -242.0 56.0 
-97.0 -5.0 69.0 337.0 53.0 16585.0 359.0 -717.0 59.0 
-97.0 -5.0 69.0 337.0 53.0 16585.0 359.0 -717.0 59.0 
-97.0 -5.0 69.0 707.0 106.0 16592.0 410.0 -931.0 50.0 
-97.0 -5.0 69.0 707.0 106.0 16592.0 410.0 -931.0 50.0 
-97.0 -5.0 69.0 707.0 106.0 16592.0 327.0 -625.0 57.0 
-97.0 -5.0 69.0 785.0 259.0 17179.0 327.0 -625.0 57.0 
-97.0 -5.0 69.0 785.0 259.0 17179.0 3.0 144.0 54.0 
-97.0 -5.0 69.0 601.0 241.0 16956.0 3.0 144.0 54.0 
-97.0 -5.0 69.0 601.0 241.0 16956.0 3.0 144.0 54.0 
-97.0 -5.0 69.0 406.0 256.0 16116.0 -268.0 717.0 59.0 
-97.0 -5.0 69.0 406.0 256.0 16116.0 -268.0 717.0 59.0 
-97.0 -5.0 69.0 372.0 189.0 16060.0 -301.0 790.0 63.0 
-97.0 -5.0 69.0 372.0 189.0 16060.0 -301.0 790.0 63.0 
-97.0 -5.0 69.0 463.0 85.0 16360.0 -256.0 662.0 65.0 
-97.0 -5.0 69.0 463.0 85.0 16360.0 -256.0 662.0 65.0 
-97.0 -5.0 69.0 463.0 85.0 16360.0 -179.0 561.0 54.0 
-97.0 -5.0 69.0 366.0 186.0 16157.0 -179.0 561.0 54.0 
-97.0 -5.0 69.0 366.0 186.0 16157.0 -179.0 561.0 54.0 
-123.0 -9.0 59.0 2143.0 890.0 16170.0 -71.0 510.0 88.0 
-123.0 -9.0 59.0 2170.0 861.0 16211.0 -79.0 569.0 124.0 
-123.0 -9.0 59.0 2170.0 861.0 16211.0 -79.0 569.0 124.0 
-123.0 -9.0 59.0 2183.0 842.0 16333.0 -89.0 580.0 109.0 
-123.0 -9.0 59.0 2183.0 842.0 16333.0 -89.0 580.0 109.0 
-123.0 -9.0 59.0 2124.0 875.0 16244.0 -93.0 571.0 73.0 
-123.0 -9.0 59.0 2124.0 875.0 16244.0 -93.0 571.0 73.0 
-123.0 -9.0 59.0 2133.0 859.0 16249.0 -123.0 574.0 85.0 
-123.0 -9.0 59.0 2133.0 859.0 16249.0 -123.0 574.0 85.0 
-123.0 -9.0 59.0 2133.0 859.0 16249.0 -133.0 582.0 100.0 
-123.0 -9.0 59.0 2163.0 832.0 16266.0 -133.0 582.0 100.0 
-123.0 -9.0 59.0 2163.0 832.0 16266.0 -133.0 582.0 100.0 
-123.0 -9.0 59.0 2143.0 813.0 16303.0 -95.0 614.0 94.0 
-123.0 -9.0 59.0 2143.0 813.0 16303.0 -95.0 614.0 94.0 
-123.0 -9.0 59.0 2052.0 863.0 16250.0 -53.0 600.0 90.0 
-123.0 -9.0 59.0 2052.0 863.0 16250.0 -53.0 600.0 90.0 
-123.0 -9.0 59.0 2087.0 872.0 16216.0 -61.0 540.0 88.0 
-123.0 -9.0 59.0 2087.0 872.0 16216.0 -61.0 540.0 88.0 
-123.0 -9.0 59.0 2096.0 862.0 16323.0 -114.0 483.0 97.0 
-123.0 -9.0 59.0 2096.0 862.0 16323.0 -114.0 483.0 97.0 
-123.0 -9.0 59.0 2096.0 862.0 16323.0 -135.0 475.0 74.0 
-123.0 -9.0 59.0 2105.0 828.0 16335.0 -135.0 475.0 74.0 
-123.0 -9.0 59.0 2105.0 828.0 16335.0 -106.0 498.0 59.0 
-123.0 -9.0 59.0 2092.0 815.0 16325.0 -106.0 498.0 59.0 
-123.0 -9.0 59.0 2092.0 815.0 16325.0 -106.0 498.0 59.0 
-123.0 -9.0 59.0 2069.0 824.0 16288.0 -81.0 541.0 81.0 
-123.0 -9.0 59.0 2069.0 824.0 16288.0 -81.0 541.0 81.0 
-123.0 -9.0 59.0 2093.0 841.0 16325.0 -54.0 558.0 93.0 
-123.0 -9.0 59.0 2093.0 841.0 16325.0 -54.0 558.0 93.0 
-123.0 -9.0 59.0 2087.0 782.0 16326.0 -48.0 536.0 85.0 
-123.0 -9.0 59.0 2087.0 782.0 16326.0 -48.0 536.0 85.0 
-123.0 -9.0 59.0 2065.0 859.0 16277.0 -32.0 477.0 72.0 
-123.0 -9.0 59.0 2065.0 859.0 16277.0 -32.0 477.0 72.0 
-123.0 -9.0 59.0 2065.0 859.0 16277.0 -45.0 399.0 63.0 
-123.0 -9.0 59.0 2052.0 873.0 16263.0 -45.0 399.0 63.0 
-123.0 -9.0 59.0 2052.0 873.0 16263.0 -45.0 399.0 63.0 
-123.0 -9.0 59.0 2095.0 868.0 16247.0 -73.0 323.0 57.0 
-123.0 -9.0 59.0 2095.0 868.0 16247.0 -73.0 323.0 57.0 
-127.0 -11.0 49.0 2100.0 816.0 16253.0 -64.0 264.0 77.0 
-127.0 -11.0 49.0 2100.0 816.0 16253.0 -64.0 264.0 77.0 
-127.0 -11.0 49.0 2086.0 856.0 16278.0 -45.0 235.0 58.0 
-127.0 -11.0 49.0 2086.0 856.0 16278.0 -45.0 235.0 58.0 
-127.0 -11.0 49.0 2109.0 866.0 16312.0 -44.0 233.0 60.0 
-127.0 -11.0 49.0 2109.0 866.0 16312.0 -44.0 233.0 60.0 
-127.0 -11.0 49.0 2103.0 857.0 16314.0 -63.0 245.0 61.0 
-127.0 -11.0 49.0 2103.0 857.0 16314.0 -63.0 245.0 61.0 
-127.0 -11.0 49.0 2103.0 857.0 16314.0 -57.0 284.0 61.0 
-127.0 -11.0 49.0 2107.0 844.0 16270.0 -57.0 284.0 61.0 
-127.0 -11.0 49.0 2107.0 844.0 16270.0 -55.0 346.0 65.0 
-127.0 -11.0 49.0 2082.0 867.0 16229.0 -55.0 346.0 65.0 
-127.0 -11.0 49.0 2082.0 867.0 16229.0 -55.0 346.0 65.0 
-127.0 -11.0 49.0 2099.0 819.0 16197.0 -30.0 414.0 79.0 
-127.0 -11.0 49.0 2099.0 819.0 16197.0 -30.0 414.0 79.0 
-127.0 -11.0 49.0 2081.0 844.0 16210.0 -51.0 443.0 87.0 
-127.0 -11.0 49.0 2081.0 844.0 16210.0 -51.0 443.0 87.0 
-127.0 -11.0 49.0 2075.0 895.0 16225.0 -62.0 463.0 86.0 
-127.0 -11.0 49.0 2075.0 895.0 16225.0 -62.0 463.0 86.0 
-127.0 -11.0 49.0 2090.0 841.0 16288.0 -95.0 485.0 89.0 
-127.0 -11.0 49.0 2090.0 841.0 16288.0 -95.0 485.0 89.0 
-127.0 -11.0 49.0 2090.0 841.0 16288.0 -123.0 501.0 79.0 
-127.0 -11.0 49.0 2084.0 851.0 16282.0 -123.0 501.0 79.0 
-127.0 -11.0 49.0 2084.0 851.0 16282.0 -123.0 501.0 79.0 
-127.0 -11.0 49.0 2117.0 834.0 16286.0 -116.0 539.0 80.0 
-127.0 -11.0 49.0 2117.0 834.0 16286.0 -116.0 539.0 80.0 
-127.0 -11.0 49.0 2090.0 852.0 16278.0 -106.0 584.0 93.0 
-127.0 -11.0 49.0 2090.0 852.0 16278.0 -106.0 584.0 93.0 
-127.0 -11.0 49.0 2077.0 854.0 16296.0 -71.0 635.0 99.0 
-127.0 -11.0 49.0 2077.0 854.0 16296.0 -71.0 635.0 99.0 
-127.0 -11.0 49.0 2057.0 872.0 16295.0 -36.0 627.0 88.0 
-127.0 -11.0 49.0 2057.0 872.0 16295.0 -36.0 627.0 88.0 
-127.0 -11.0 49.0 2023.0 875.0 16279.0 -43.0 591.0 91.0 
-127.0 -11.0 49.0 2023.0 875.0 16279.0 -43.0 591.0 91.0 
-127.0 -11.0 49.0 2023.0 875.0 16279.0 -67.0 509.0 82.0 
-127.0 -11.0 49.0 2029.0 870.0 16278.0 -67.0 509.0 82.0 
-127.0 -11.0 49.0 2029.0 870.0 16278.0 -67.0 509.0 82.0 
-127.0 -11.0 49.0 2028.0 842.0 16322.0 -73.0 429.0 77.0 
-127.0 -11.0 49.0 2028.0 842.0 16322.0 -73.0 429.0 77.0 
-127.0 -11.0 49.0 2040.0 866.0 16306.0 -78.0 374.0 69.0 
-127.0 -11.0 49.0 2040.0 866.0 16306.0 -78.0 374.0 69.0 
-127.0 -11.0 49.0 2025.0 856.0 16225.0 -76.0 342.0 68.0 
-127.0 -11.0 49.0 2025.0 856.0 16225.0 -76.0 342.0 68.0 
-127.0 -11.0 49.0 2048.0 825.0 16290.0 -69.0 336.0 67.0 
-127.0 -11.0 49.0 2048.0 825.0 16290.0 -69.0 336.0 67.0 
-127.0 -11.0 49.0 2048.0 825.0 16290.0 -63.0 339.0 60.0 
-127.0 -11.0 49.0 2078.0 853.0 16291.0 -63.0 339.0 60.0 
-127.0 -11.0 49.0 2078.0 853.0 16291.0 -63.0 339.0 60.0 
-127.0 -11.0 49.0 2037.0 859.0 16274.0 -70.0 356.0 51.0 
-127.0 -11.0 49.0 2037.0 859.0 16274.0 -70.0 356.0 51.0 
-127.0 -11.0 49.0 2053.0 841.0 16257.0 -77.0 369.0 45.0 
-127.0 -11.0 49.0 2053.0 841.0 16257.0 -77.0 369.0 45.0 
-127.0 -11.0 49.0 2076.0 837.0 16268.0 -74.0 401.0 63.0 
-127.0 -11.0 49.0 2076.0 837.0 16268.0 -74.0 401.0 63.0 
-127.0 -11.0 49.0 2071.0 840.0 16289.0 -61.0 413.0 66.0 
-121.0 -15.0 53.0 2071.0 840.0 16289.0 -61.0 413.0 66.0 
-121.0 -15.0 53.0 2066.0 839.0 16282.0 -71.0 425.0 66.0 
-121.0 -15.0 53.0 2066.0 839.0 16282.0 -71.0 425.0 66.0 
-121.0 -15.0 53.0 2066.0 839.0 16282.0 -71.0 436.0 80.0 
-121.0 -15.0 53.0 2040.0 882.0 16319.0 -71.0 436.0 80.0 
-121.0 -15.0 53.0 2040.0 882.0 16319.0 -71.0 436.0 80.0 
-121.0 -15.0 53.0 2053.0 841.0 16257.0 -69.0 444.0 82.0 
-121.0 -15.0 53.0 2053.0 841.0 16257.0 -69.0 444.0 82.0 
-121.0 -15.0 53.0 2067.0 859.0 16296.0 -78.0 454.0 82.0 
-121.0 -15.0 53.0 2067.0 859.0 16296.0 -78.0 454.0 82.0 
-121.0 -15.0 53.0 2031.0 860.0 16286.0 -75.0 459.0 72.0 
-121.0 -15.0 53.0 2031.0 860.0 16286.0 -75.0 459.0 72.0 
-121.0 -15.0 53.0 1999.0 858.0 16261.0 -73.0 464.0 82.0 
-121.0 -15.0 53.0 1999.0 858.0 16261.0 -73.0 464.0 82.0 
-121.0 -15.0 53.0 2033.0 840.0 16241.0 -76.0 456.0 68.0 
-121.0 -15.0 53.0 2033.0 840.0 16241.0 -76.0 456.0 68.0 
-121.0 -15.0 53.0 2033.0 840.0 16241.0 -64.0 424.0 73.0 
-121.0 -15.0 53.0 2049.0 815.0 16191.0 -64.0 424.0 73.0 
-121.0 -15.0 53.0 2049.0 815.0 16191.0 -64.0 424.0 73.0 
-121.0 -15.0 53.0 2029.0 861.0 16259.0 -36.0 393.0 73.0 
-121.0 -15.0 53.0 2029.0 861.0 16259.0 -36.0 393.0 73.0 
-121.0 -15.0 53.0 2028.0 860.0 16322.0 -77.0 415.0 93.0 
-121.0 -15.0 53.0 2028.0 860.0 16322.0 -77.0 415.0 93.0 
-121.0 -15.0 53.0 2087.0 819.0 16348.0 -117.0 412.0 74.0 
-121.0 -15.0 53.0 2087.0 819.0 16348.0 -117.0 412.0 74.0 
-121.0 -15.0 53.0 2058.0 864.0 16318.0 -123.0 461.0 58.0 
-109.0 -9.0 63.0 703.0 319.0 16403.0 -52.0 250.0 62.0 
-109.0 -9.0 63.0 723.0 337.0 16377.0 -15.0 233.0 68.0 
-109.0 -9.0 63.0 723.0 337.0 16377.0 -15.0 233.0 68.0 
-109.0 -9.0 63.0 720.0 331.0 16336.0 3.0 228.0 67.0 
-109.0 -9.0 63.0 720.0 331.0 16336.0 3.0 228.0 67.0 
-109.0 -9.0 63.0 722.0 375.0 16322.0 9.0 230.0 61.0 
-109.0 -9.0 63.0 712.0 350.0 16421.0 -92.0 267.0 51.0 
-109.0 -9.0 63.0 712.0 350.0 16421.0 -92.0 267.0 51.0 
-109.0 -9.0 63.0 678.0 362.0 16347.0 -96.0 270.0 49.0 
-109.0 -9.0 63.0 678.0 362.0 16347.0 -96.0 270.0 49.0 
-109.0 -9.0 63.0 678.0 362.0 16347.0 -88.0 235.0 55.0 
-109.0 -9.0 63.0 716.0 346.0 16360.0 -88.0 235.0 55.0 
-109.0 -9.0 63.0 716.0 346.0 16360.0 -88.0 235.0 55.0 
-109.0 -9.0 63.0 710.0 345.0 16337.0 -54.0 236.0 61.0 
-109.0 -9.0 63.0 710.0 345.0 16337.0 -54.0 236.0 61.0 
-109.0 -9.0 63.0 684.0 330.0 16353.0 -55.0 259.0 40.0 
-110.0 -6.0 68.0 684.0 330.0 16353.0 -55.0 259.0 40.0 
-110.0 -6.0 68.0 684.0 335.0 16371.0 -66.0 244.0 51.0 
-110.0 -6.0 68.0 684.0 335.0 16371.0 -66.0 244.0 51.0 
-110.0 -6.0 68.0 755.0 359.0 16430.0 -83.0 245.0 65.0 
-110.0 -6.0 68.0 755.0 359.0 16430.0 -83.0 245.0 65.0 
-110.0 -6.0 68.0 721.0 330.0 16426.0 -94.0 266.0 53.0 
-110.0 -6.0 68.0 721.0 330.0 16426.0 -94.0 266.0 53.0 
-110.0 -6.0 68.0 721.0 330.0 16426.0 -85.0 260.0 41.0 
-110.0 -6.0 68.0 704.0 332.0 16408.0 -85.0 260.0 41.0 
-110.0 -6.0 68.0 704.0 332.0 16408.0 -74.0 253.0 50.0 
-110.0 -6.0 68.0 719.0 317.0 16393.0 -74.0 253.0 50.0 
-110.0 -6.0 68.0 719.0 317.0 16393.0 -74.0 253.0 50.0 
-110.0 -6.0 68.0 704.0 339.0 16355.0 -59.0 250.0 61.0 
-110.0 -6.0 68.0 704.0 339.0 16355.0 -59.0 250.0 61.0 
-110.0 -6.0 68.0 725.0 355.0 16379.0 -28.0 240.0 61.0 
-110.0 -6.0 68.0 725.0 355.0 16379.0 -28.0 240.0 61.0 
-110.0 -6.0 68.0 698.0 356.0 16283.0 -29.0 247.0 52.0 
-110.0 -6.0 68.0 698.0 356.0 16283.0 -29.0 247.0 52.0 
-110.0 -6.0 68.0 725.0 373.0 16304.0 -26.0 245.0 54.0 
-110.0 -6.0 68.0 725.0 373.0 16304.0 -26.0 245.0 54.0 
-110.0 -6.0 68.0 725.0 373.0 16304.0 -39.0 249.0 56.0 
-110.0 -6.0 68.0 734.0 378.0 16325.0 -39.0 249.0 56.0 
-110.0 -6.0 68.0 734.0 378.0 16325.0 -39.0 249.0 56.0 
-110.0 -6.0 68.0 747.0 351.0 16355.0 -56.0 260.0 54.0 
-110.0 -6.0 68.0 747.0 351.0 16355.0 -56.0 260.0 54.0 
-110.0 -6.0 68.0 725.0 351.0 16347.0 -83.0 263.0 59.0 
-110.0 -6.0 68.0 725.0 351.0 16347.0 -83.0 263.0 59.0 
-110.0 -6.0 68.0 716.0 352.0 16390.0 -106.0 260.0 56.0 
-110.0 -6.0 68.0 716.0 352.0 16390.0 -106.0 260.0 56.0 
-110.0 -6.0 68.0 740.0 337.0 16411.0 -98.0 272.0 58.0 
-110.0 -6.0 68.0 740.0 337.0 16411.0 -98.0 272.0 58.0 
-110.0 -6.0 68.0 740.0 337.0 16411.0 -88.0 270.0 55.0 
-110.0 -6.0 68.0 719.0 329.0 16357.0 -88.0 270.0 55.0 
-110.0 -6.0 68.0 719.0 329.0 16357.0 -65.0 256.0 46.0 
-110.0 -6.0 68.0 715.0 341.0 16362.0 -65.0 256.0 46.0 
-110.0 -6.0 68.0 715.0 341.0 16362.0 -65.0 256.0 46.0 
-110.0 -6.0 68.0 709.0 317.0 16341.0 -39.0 245.0 49.0 
-110.0 -6.0 68.0 709.0 317.0 16341.0 -39.0 245.0 49.0 
-110.0 -6.0 68.0 715.0 347.0 16366.0 -21.0 246.0 51.0 
-110.0 -6.0 68.0 715.0 347.0 16366.0 -21.0 246.0 51.0 
-110.0 -6.0 68.0 726.0 346.0 16360.0 -17.0 245.0 42.0 
-110.0 -6.0 68.0 726.0 346.0 16360.0 -17.0 245.0 42.0 
-110.0 -6.0 68.0 728.0 378.0 16299.0 -22.0 254.0 50.0 
-110.0 -6.0 68.0 728.0 378.0 16299.0 -22.0 254.0 50.0 
-110.0 -6.0 68.0 728.0 378.0 16299.0 -67.0 251.0 50.0 
-110.0 -6.0 68.0 675.0 365.0 16308.0 -67.0 251.0 50.0 
-110.0 -6.0 68.0 675.0 365.0 16308.0 -67.0 251.0 50.0 
-110.0 -6.0 68.0 709.0 352.0 16361.0 -78.0 261.0 53.0 
-110.0 -6.0 68.0 709.0 352.0 16361.0 -78.0 261.0 53.0 
-110.0 -6.0 68.0 706.0 327.0 16330.0 -94.0 269.0 58.0 
-110.0 -6.0 68.0 706.0 327.0 16330.0 -94.0 269.0 58.0 
-110.0 -6.0 68.0 711.0 315.0 16379.0 -75.0 266.0 57.0 
-110.0 -6.0 68.0 711.0 315.0 16379.0 -75.0 266.0 57.0 
-110.0 -6.0 68.0 726.0 311.0 16363.0 -71.0 257.0 57.0 
-110.0 -6.0 68.0 726.0 311.0 16363.0 -71.0 257.0 57.0 
-108.0 0.0 66.0 726.0 311.0 16363.0 -59.0 254.0 46.0 
-108.0 0.0 66.0 728.0 338.0 16381.0 -59.0 254.0 46.0 
-108.0 0.0 66.0 708.0 325.0 16456.0 -41.0 251.0 57.0 
-108.0 0.0 66.0 708.0 325.0 16456.0 -41.0 251.0 57.0 
-108.0 0.0 66.0 708.0 325.0 16456.0 -37.0 245.0 56.0 
-108.0 0.0 66.0 725.0 377.0 16413.0 -37.0 245.0 56.0 
-108.0 0.0 66.0 725.0 377.0 16413.0 -37.0 245.0 56.0 
-108.0 0.0 66.0 691.0 348.0 16370.0 -30.0 251.0 64.0 
-108.0 0.0 66.0 691.0 348.0 16370.0 -30.0 251.0 64.0 
-108.0 0.0 66.0 709.0 340.0 16317.0 -38.0 254.0 64.0 
-108.0 0.0 66.0 709.0 340.0 16317.0 -38.0 254.0 64.0 
-108.0 0.0 66.0 703.0 375.0 16312.0 -57.0 259.0 53.0 
-108.0 0.0 66.0 703.0 375.0 16312.0 -57.0 259.0 53.0 
-108.0 0.0 66.0 716.0 370.0 16356.0 -76.0 267.0 55.0 
-108.0 0.0 66.0 716.0 370.0 16356.0 -76.0 267.0 55.0 
-108.0 0.0 66.0 716.0 370.0 16356.0 -74.0 267.0 51.0 
-108.0 0.0 66.0 726.0 349.0 16351.0 -74.0 267.0 51.0 
-108.0 0.0 66.0 726.0 349.0 16351.0 -74.0 267.0 51.0 
-108.0 0.0 66.0 706.0 350.0 16417.0 -85.0 257.0 55.0 
-108.0 0.0 66.0 706.0 350.0 16417.0 -85.0 257.0 55.0 
-108.0 0.0 66.0 745.0 342.0 16361.0 -82.0 249.0 52.0 
-108.0 0.0 66.0 745.0 342.0 16361.0 -82.0 249.0 52.0 
-108.0 0.0 66.0 735.0 345.0 16359.0 -59.0 242.0 67.0 
-108.0 0.0 66.0 735.0 345.0 16359.0 -59.0 242.0 67.0 
-108.0 0.0 66.0 742.0 354.0 16371.0 -48.0 249.0 60.0 
-108.0 0.0 66.0 742.0 354.0 16371.0 -48.0 249.0 60.0 
-108.0 0.0 66.0 742.0 354.0 16371.0 -33.0 258.0 53.0 
-108.0 0.0 66.0 689.0 368.0 16350.0 -33.0 258.0 53.0 
-108.0 0.0 66.0 689.0 368.0 16350.0 -41.0 251.0 58.0 
-108.0 0.0 66.0 745.0 365.0 16374.0 -41.0 251.0 58.0 
-108.0 0.0 66.0 745.0 365.0 16374.0 -41.0 251.0 58.0 
-108.0 0.0 66.0 739.0 364.0 16358.0 -59.0 248.0 67.0 
-108.0 0.0 66.0 739.0 364.0 16358.0 -59.0 248.0 67.0 
-108.0 0.0 66.0 704.0 372.0 16302.0 -63.0 249.0 66.0 
-108.0 0.0 66.0 704.0 372.0 16302.0 -63.0 249.0 66.0 
-108.0 0.0 66.0 711.0 355.0 16356.0 -70.0 254.0 57.0 
-108.0 0.0 66.0 711.0 355.0 16356.0 -70.0 254.0 57.0 
-108.0 0.0 66.0 735.0 347.0 16313.0 -74.0 257.0 69.0 
-108.0 0.0 66.0 735.0 347.0 16313.0 -74.0 257.0 69.0 
-108.0 0.0 66.0 735.0 347.0 16313.0 -59.0 256.0 64.0 
-108.0 0.0 66.0 727.0 372.0 16348.0 -59.0 256.0 64.0 
-108.0 0.0 66.0 727.0 372.0 16348.0 -59.0 256.0 64.0 
-108.0 0.0 66.0 731.0 356.0 16345.0 -64.0 262.0 54.0 
-108.0 0.0 66.0 731.0 356.0 16345.0 -64.0 262.0 54.0 
-108.0 0.0 66.0 709.0 365.0 16361.0 -61.0 263.0 44.0 
-108.0 0.0 66.0 709.0 365.0 16361.0 -61.0 263.0 44.0 
-108.0 0.0 66.0 719.0 344.0 16338.0 -57.0 257.0 47.0 
-108.0 0.0 66.0 719.0 344.0 16338.0 -57.0 257.0 47.0 
-108.0 0.0 66.0 724.0 354.0 16315.0 -60.0 258.0 50.0 
-108.0 0.0 66.0 724.0 354.0 16315.0 -60.0 258.0 50.0 
-108.0 0.0 66.0 724.0 354.0 16315.0 -67.0 252.0 45.0 
-108.0 0.0 66.0 731.0 346.0 16341.0 -67.0 252.0 45.0 
